%YAML:1.0
description: "0"
samples:
   - !!opencv-matrix
      rows: 198
      cols: 1
      dt: d
      data: [ -2.1241515730550546e+01, -2.0515520734058079e+01,
          -1.9445090497461837e+01, -1.7960435223070967e+01,
          -1.5730157126207757e+01, -1.2320798765470936e+01,
          -8.0706147421562502e+00, -3.3497708064099081e+00,
          1.7621391115493237e+00, 6.7859655721941703e+00,
          1.1142454067953537e+01, 1.4770069624564959e+01,
          1.7376176808894833e+01, 1.8822595370040066e+01,
          1.9533481532460154e+01, 1.9807674152788682e+01,
          1.9699758432290938e+01, -1.7975859048143288e+01,
          -1.5763297677632558e+01, -1.2696803470990169e+01,
          -9.4344059659680486e+00, -6.2446181478695681e+00,
          3.5726467067193535e+00, 6.5057374037893689e+00,
          9.6036661719605583e+00, 1.2674436743419262e+01,
          1.5144440474979234e+01, -5.3696943951200538e-01,
          -3.4827578993432495e-01, -1.6570437192237730e-01,
          1.9714927169610971e-02, -2.8269915167231501e+00,
          -1.2515571141182056e+00, 3.4999658146355289e-01,
          1.8900788992777091e+00, 3.3572941735340471e+00,
          -1.3062326115519873e+01, -1.1154298271096248e+01,
          -8.7774702304888219e+00, -6.6998790399621457e+00,
          -8.7452471043611908e+00, -1.0973551833303400e+01,
          5.2508435914593106e+00, 7.1820745420359895e+00,
          9.5288224787297064e+00, 1.1521517362525337e+01,
          9.5264431102973663e+00, 7.3238425826053435e+00,
          -6.3238200930768622e+00, -4.4580139085112416e+00,
          -2.1830448987214446e+00, 4.9783221884301171e-01,
          3.1373427751946963e+00, 5.5430218034829295e+00,
          7.5662725941955253e+00, 5.7567755692564884e+00,
          3.4391615670144446e+00, 8.8352985838382725e-01,
          -1.7493412344868036e+00, -4.2082179866891494e+00,
          -2.1407872728860422e+00, 6.2903067408422297e-01,
          3.4004514379910047e+00, 3.4519662391184220e+00,
          7.3352666826831725e-01, -2.0315557293443285e+00,
          -5.8732769329282331e+00, -6.1678412377402192e-01,
          4.5749526214134324e+00, 9.5769051488147632e+00,
          1.4089810175961558e+01, 1.7706486206878409e+01,
          2.0381967951361123e+01, 2.2181154404720942e+01,
          2.2417771508423019e+01, 2.1476510754289251e+01,
          1.8992708745246922e+01, 1.5626013729718913e+01,
          1.1495202584598125e+01, 6.8242635279343684e+00,
          1.9211724025983503e+00, -3.0837878473825659e+00,
          -8.0850226480324086e+00, -1.4015063680997736e+01,
          -1.6370644463924737e+01, -1.7456526441897324e+01,
          -1.7450388803615535e+01, -1.6773939871830652e+01,
          -1.6990778080425759e+01, -1.8011941152242567e+01,
          -1.8426043201711032e+01, -1.7877272867787045e+01,
          -1.6022673706853958e+01, -1.1330262492806638e+01,
          -8.7106417446016788e+00, -6.1051416680886241e+00,
          -3.5085792585203324e+00, 6.0766739113969426e-01,
          8.3016548026086778e-01, 8.4172232687943149e-01,
          6.4310610629698639e-01, 2.3303690986787534e-01,
          -9.4355011197045062e+00, -1.0740684969495270e+01,
          -1.0971146569427310e+01, -1.0042569743476013e+01,
          -9.1931769864448203e+00, -8.9348497057352461e+00,
          -1.0612922878779687e+01, -1.1700566601767772e+01,
          -1.1748205978477937e+01, -1.0660791367293639e+01,
          -9.9547330932389322e+00, -9.9748374680406826e+00,
          9.1653366314471771e+00, 7.2086693003002589e+00,
          5.6471010776117980e+00, 5.6806731986000543e+00,
          5.3647242177231202e+00, 6.6722561456982357e+00,
          8.4540192357837114e+00, 9.9908676808985550e+00,
          1.0876673865077660e+01, 1.1200065447099629e+01,
          1.1141870676766278e+01, 1.0478754711488902e+01,
          7.8547638624585865e+00, 7.6055141639966637e+00,
          7.5628200412329445e+00, 8.2734543711510273e+00,
          8.5300680261139252e+00, 8.5506183108042677e+00,
          2.1550231217482274e+01, 2.1184346821596407e+01,
          2.0752539449651309e+01, 1.8495502958007073e+01,
          1.3479268263001842e+01, 7.9619688913862792e+00,
          3.4005190771845593e+00, -8.1800959195709799e-01,
          -4.6418810217181852e+00, -7.0849601656638739e-01,
          3.5208877940043370e+00, 8.1295187651118823e+00,
          1.3688761260091383e+01, 1.8539473492229579e+01,
          2.0775821826056340e+01, 2.1090508558695984e+01,
          2.1484381449618112e+01, 2.3650369291334913e-01,
          -1.5195539639293614e+00, -2.9531820980359234e+00,
          -4.3062960538109900e+00, -5.4954514637853746e+00,
          -5.5288670111350777e+00, -4.2441487157150100e+00,
          -2.8467976401011437e+00, -1.3807524473570307e+00,
          3.7811227771389433e-01, -4.9378061438233241e+00,
          -7.7766735937108598e+00, -1.0659301020075329e+01,
          -1.3411024790238995e+01, -6.3874654616938766e+00,
          -7.2673993243986068e+00, -8.1653573858876172e+00,
          -7.1686676094965049e+00, -6.1939814280188932e+00,
          -9.2935552112456488e-01, -1.1163934021154120e+00,
          -1.1944137254079390e+00, -9.5250251119910323e-01,
          -1.0978722735800459e+00, -1.0635805017117725e+00,
          -9.7117332846975024e-01, -1.0948142407918611e+00,
          -1.0015800658272358e+00, -7.9844967519268029e-01,
          -9.9208923637762891e-01, -1.0738980895447607e+00,
          -2.8331927942074069e+00, -5.0146104878654496e+00,
          -6.6591831855897494e+00, -8.2543217984054280e+00,
          -6.4953785097288597e+00, -4.8510711140335694e+00,
          -2.7754870262264437e+00, -3.9183864794167800e+00,
          -5.3013593449379641e+00, -6.7852350098867209e+00,
          -5.4311029468643888e+00, -4.0598359692792139e+00,
          -5.3646505151493695e+00, -7.3851723262169671e+00,
          -5.1733536518740069e+00, -4.5154307253108943e+00,
          -6.4850670356256490e+00, -4.6681628434616007e+00 ]
