%YAML:1.0
description: "1"
samples:
   - !!opencv-matrix
      rows: 198
      cols: 1
      dt: d
      data: [ -2.1315446079680957e+01, -2.0591377150226311e+01,
          -1.9602776843851789e+01, -1.8213825142290382e+01,
          -1.5950327070291106e+01, -1.2419947748850124e+01,
          -8.1153513030521243e+00, -3.4225508401296012e+00,
          1.6522902643804993e+00, 6.6662729943340544e+00,
          1.1046722810571861e+01, 1.4777485664180087e+01,
          1.7575519736333035e+01, 1.9121292183663375e+01,
          1.9757609264378150e+01, 1.9939547243207826e+01,
          1.9799030928228976e+01, -1.7767116493827007e+01,
          -1.5460198073407012e+01, -1.2476914904687952e+01,
          -9.3428211801753172e+00, -6.2716232701209123e+00,
          3.6614468543524907e+00, 6.4474464668242879e+00,
          9.3846011668703753e+00, 1.2322417225449902e+01,
          1.4834310309998731e+01, -4.3667464858021265e-01,
          -2.2460035612103196e-01, -2.4833185344004249e-02,
          1.7229982375363656e-01, -3.5786186807759894e+00,
          -1.5796699729291179e+00, 4.8811908225670597e-01,
          2.4291426614543443e+00, 4.2485426407258036e+00,
          -1.3124771584431532e+01, -1.1182308467078617e+01,
          -8.9740674605214288e+00, -6.9474416923882725e+00,
          -8.9890531617703893e+00, -1.1086326176726793e+01,
          5.4310484494205928e+00, 7.3356639517285229e+00,
          9.5025166458379857e+00, 1.1483292566608768e+01,
          9.5055314355140919e+00, 7.4437943405226070e+00,
          -9.1106409539225570e+00, -6.3306207283452736e+00,
          -3.0101417554863037e+00, 4.8993387212056833e-01,
          3.9134005910629055e+00, 7.2574580108184383e+00,
          1.0122491267104783e+01, 7.9495713537831705e+00,
          4.7730542663798978e+00, 9.7960308165837562e-01,
          -2.9482709862624730e+00, -6.4122289942254902e+00,
          -4.0252810701997461e+00, 5.9488960272483049e-01,
          5.1558328037800649e+00, 5.6104607573523921e+00,
          8.7470354704061370e-01, -4.0066632735802923e+00,
          -5.9517553742061615e+00, -6.9170259083125418e-01,
          4.5234304301726738e+00, 9.5806336682795905e+00,
          1.4160446225620825e+01, 1.7745024139272687e+01,
          2.0380152687521658e+01, 2.2242788225080943e+01,
          2.2591429499828966e+01, 2.1585061058931945e+01,
          1.9025128467717682e+01, 1.5654258129094053e+01,
          1.1517186253593721e+01, 6.7741918752269719e+00,
          1.8449034190885669e+00, -3.1538270648523814e+00,
          -8.1429757957831619e+00, -1.3671035462506612e+01,
          -1.5702618388019433e+01, -1.6622515418233348e+01,
          -1.6607325466161896e+01, -1.5983893113825211e+01,
          -1.6199678007074038e+01, -1.7143923683693622e+01,
          -1.7549505991495231e+01, -1.7184015862524443e+01,
          -1.5708968723113985e+01, -1.0769727767934103e+01,
          -8.0482947512987408e+00, -5.3430398813487638e+00,
          -2.6475314698083072e+00, 5.5463294150311648e-01,
          1.0558051062110192e+00, 1.1982000695896771e+00,
          8.0695464684186669e-01, 6.0702744411399778e-02,
          -9.2661718976535354e+00, -1.0254194676590181e+01,
          -1.0457019642614277e+01, -9.7884582938112388e+00,
          -9.2976526953616059e+00, -9.0945990519607420e+00,
          -1.0371293446920816e+01, -1.1194866001423714e+01,
          -1.1268298561718971e+01, -1.0507223318500712e+01,
          -1.0117952835929248e+01, -1.0101468849777641e+01,
          7.3856970987491994e+00, 5.6212850320319649e+00,
          4.5941422386945092e+00, 4.5662465885193395e+00,
          4.2021869809121046e+00, 4.8332899467872874e+00,
          6.3080333023507285e+00, 9.2348173251306136e+00,
          1.1212506228161093e+01, 1.1897286443442860e+01,
          1.1641510003470740e+01, 1.0016615554566496e+01,
          6.3817231228229581e+00, 6.1788423239947834e+00,
          5.8423336496306133e+00, 8.7104097185180347e+00,
          9.6391666510079599e+00, 9.2746321088767196e+00,
          2.1725436172164930e+01, 2.1252884931008310e+01,
          2.0777249118149605e+01, 1.8384264220513142e+01,
          1.3550581237683550e+01, 7.9721581855937673e+00,
          3.2157496564016776e+00, -9.5992483803249229e-01,
          -4.6795590840666446e+00, -8.6288770454603070e-01,
          3.3344886181137223e+00, 8.1300558491504979e+00,
          1.3744969904333823e+01, 1.8418575122231299e+01,
          2.0811897199782074e+01, 2.1161201245090112e+01,
          2.1629341796472687e+01, 2.2575715180839057e-01,
          -1.4469639597094222e+00, -2.9387225624509496e+00,
          -4.3019605977602859e+00, -5.4646668649902281e+00,
          -5.5636665662481830e+00, -4.2873628306657681e+00,
          -2.8712193183213834e+00, -1.3305506484467495e+00,
          3.5742706548847980e-01, -4.9434359086059105e+00,
          -7.8285361363309010e+00, -1.0792465357453786e+01,
          -1.3617334040442580e+01, -6.5965772293695215e+00,
          -7.3913162044477305e+00, -8.1528571688779099e+00,
          -7.3280178274171881e+00, -6.4564473009497547e+00,
          -7.4404660735543260e-01, -1.0384597619816129e+00,
          -1.3226148154572337e+00, -1.1272481725240930e+00,
          -1.0458603637648682e+00, -1.0467448937680424e+00,
          -1.1442567213600769e+00, -1.2578114213253875e+00,
          -9.6530063823021117e-01, -6.4670419180734739e-01,
          -9.9763044587028604e-01, -1.0225932580980028e+00,
          -2.6527497765217607e+00, -4.7326769748801762e+00,
          -6.4369967264093866e+00, -8.1605730880985465e+00,
          -6.2844540534149447e+00, -4.5620658969257910e+00,
          -2.5639306063160792e+00, -3.8688818044063105e+00,
          -5.1862189460093013e+00, -6.6763686383608851e+00,
          -5.3061403478659521e+00, -3.9993322829736990e+00,
          -5.4539214580433875e+00, -7.7834077162334649e+00,
          -5.2544301208327191e+00, -4.4482551295767641e+00,
          -6.5463189685097793e+00, -4.6014634113722934e+00 ]
