%YAML:1.0
description: "3"
samples:
   - !!opencv-matrix
      rows: 198
      cols: 1
      dt: d
      data: [ -2.1180660983266471e+01, -2.0550599855095140e+01,
          -1.9648101344619057e+01, -1.8394658189108135e+01,
          -1.6423743325695025e+01, -1.2988651382485218e+01,
          -8.4217779234194836e+00, -3.5205032319791956e+00,
          1.5105367664545584e+00, 6.3432117317052494e+00,
          1.0923891826521981e+01, 1.5041157971060134e+01,
          1.7988551801074784e+01, 1.9446220457840649e+01,
          2.0010815373042632e+01, 2.0155668561911909e+01,
          2.0019810823734705e+01, -1.9209354182778359e+01,
          -1.6938923232881560e+01, -1.3641838234867127e+01,
          -1.0091036322678557e+01, -6.6700705163299432e+00,
          4.0570716361240908e+00, 7.0302959214712857e+00,
          1.0265679243385147e+01, 1.3480018346577969e+01,
          1.6010673006056646e+01, -4.3499521044085354e-01,
          -1.7611747536450006e-01, 7.7028404847721443e-02,
          3.2498450198285345e-01, -2.4752849405426804e+00,
          -1.0155462410243099e+00, 4.3653522411927848e-01,
          1.7888199674836016e+00, 3.1252149847415600e+00,
          -1.3870055505667903e+01, -1.1973353103940198e+01,
          -9.6124905993720198e+00, -7.6231405318759329e+00,
          -9.6357334622907764e+00, -1.1817648602634232e+01,
          5.8139053400176444e+00, 7.5943367593667848e+00,
          9.9392251960505931e+00, 1.2006080217075608e+01,
          1.0087444886114163e+01, 7.9132310240948138e+00,
          -6.1718767918520676e+00, -4.1089570044586230e+00,
          -1.8727976246719507e+00, 6.7625621054529250e-01,
          3.1118036662624067e+00, 5.4669382181804114e+00,
          7.6449969557753281e+00, 5.8252163376074950e+00,
          3.4973717838509195e+00, 1.0455932857094914e+00,
          -1.4870750074550483e+00, -3.9666467722639576e+00,
          -1.6732452730677225e+00, 8.2746393707853139e-01,
          3.2696829427703307e+00, 3.3182879166159753e+00,
          8.9596871332876182e-01, -1.5702516725395355e+00,
          -6.0768346760816492e+00, -9.2117284135149557e-01,
          4.2308322394926421e+00, 9.1073137306726260e+00,
          1.3446616178836218e+01, 1.6696934442628418e+01,
          1.8621948353878434e+01, 1.9690398295082787e+01,
          1.9571445229988381e+01, 1.9047966568000639e+01,
          1.7386001007011433e+01, 1.4960885633665374e+01,
          1.1487559402069868e+01, 7.2361030877906485e+00,
          2.6303005248583053e+00, -2.1862868645777649e+00,
          -6.9761277831382325e+00, -1.4490828719144845e+01,
          -1.7343245703436494e+01, -1.8735929848096305e+01,
          -1.8727272046185202e+01, -1.7802576002012838e+01,
          -1.8448833027941994e+01, -1.9746239732776541e+01,
          -2.0235871597495532e+01, -1.9529708310347424e+01,
          -1.7326889676939565e+01, -9.4828037414620781e+00,
          -6.4439222476935214e+00, -3.4206183790738480e+00,
          -3.9527095562845993e-01, 1.1576023644940567e+00,
          1.2438954472003461e+00, 1.1898238218990234e+00,
          1.0582386383210847e+00, 7.6995456834047160e-01,
          -8.4951624286838943e+00, -9.8237407940498649e+00,
          -1.0028948421985842e+01, -8.9170700964252099e+00,
          -8.1002970442358002e+00, -7.9332056288739334e+00,
          -9.7264657971089470e+00, -1.1094506058671035e+01,
          -1.1304246827077685e+01, -1.0262045102413282e+01,
          -9.3591024232404116e+00, -9.2185898154431385e+00,
          9.3993590973658883e+00, 7.5765084172074904e+00,
          6.0369614603625319e+00, 6.0139631123677644e+00,
          5.6974506370850930e+00, 6.8966494946503092e+00,
          8.4792086079280580e+00, 9.9425413831888747e+00,
          1.0746384609195262e+01, 1.1024566523748627e+01,
          1.1049905391018715e+01, 1.0547168973141282e+01,
          8.2186533658068832e+00, 7.9040841731505491e+00,
          7.8945656879542234e+00, 8.3934105466671269e+00,
          8.4877648860767145e+00, 8.7109796109982778e+00,
          2.1805249381071160e+01, 2.1259257786162184e+01,
          2.1125748241624304e+01, 1.8480572122126024e+01,
          1.3492590412424638e+01, 7.9200576235412363e+00,
          3.3540680981595559e+00, -7.0639718517249606e-01,
          -4.6088752069632655e+00, -8.4869543116865920e-01,
          3.2807029682101683e+00, 7.8658750742614130e+00,
          1.3440299594966261e+01, 1.8413833315771772e+01,
          2.1149620291908050e+01, 2.1280140840570404e+01,
          2.1817514408706881e+01, 4.7807974766076000e-01,
          -1.3702415090449702e+00, -2.8378107652225175e+00,
          -4.1336697741559059e+00, -5.2963734735105632e+00,
          -5.1129322904201562e+00, -3.8851136860324069e+00,
          -2.5801907887212456e+00, -1.0959031437704780e+00,
          8.3920100279350396e-01, -5.0559998314513530e+00,
          -7.9874187913552444e+00, -1.0925341364706100e+01,
          -1.3574918815984146e+01, -6.2453317475913916e+00,
          -7.3475885423754841e+00, -8.4031447852350212e+00,
          -7.3164954780248239e+00, -6.2285265331928112e+00,
          -8.9185824845863837e-01, -1.0228970898946816e+00,
          -1.1782971452535826e+00, -1.0515658116407838e+00,
          -1.2777554510553883e+00, -1.1957349138255418e+00,
          -8.4289179297465344e-01, -1.0329638156728924e+00,
          -8.6649064443126544e-01, -6.5559174443050683e-01,
          -9.8451052242661174e-01, -1.0509406818891760e+00,
          -3.1248340613643131e+00, -5.2864425862020408e+00,
          -6.7540528077257784e+00, -8.5136691907483755e+00,
          -6.6927399933307941e+00, -5.2466716762315908e+00,
          -3.1139414199054167e+00, -4.1109547760472278e+00,
          -5.3446868670458603e+00, -6.7398089471585481e+00,
          -5.3365912840765972e+00, -4.1144034499351445e+00,
          -5.5092282895989833e+00, -7.6339950796102203e+00,
          -5.4285041746326925e+00, -4.6588055203735559e+00,
          -6.1323051096019867e+00, -4.6485927215023786e+00 ]
