%YAML:1.0
description: "4"
samples:
   - !!opencv-matrix
      rows: 198
      cols: 1
      dt: d
      data: [ -2.4206802195362378e+01, -2.3590387206455304e+01,
          -2.2866270932388634e+01, -2.1607723032806280e+01,
          -1.9173902210636101e+01, -1.4890102778966753e+01,
          -9.5527316049979305e+00, -4.2309204604504203e+00,
          8.6715308270173130e-01, 6.2373105831106335e+00,
          1.1601754744741843e+01, 1.6689566915818716e+01,
          2.0526886296152618e+01, 2.2540011023011782e+01,
          2.3183825586525305e+01, 2.3051169935846641e+01,
          2.2631636113461877e+01, -2.0843981686531453e+01,
          -1.7734024121811007e+01, -1.3520883468449727e+01,
          -9.1792863600910799e+00, -5.0438612376890095e+00,
          3.6491554486818005e+00, 7.0203069954034074e+00,
          1.0743769429060944e+01, 1.4600032272702725e+01,
          1.7857002905370614e+01, 1.9767959925536016e-01,
          4.0494800304411060e-01, 5.8967587184561210e-01,
          7.4658878102573722e-01, -2.7190126044597798e+00,
          -9.8016526321493092e-01, 8.2376691236354416e-01,
          2.3668676116503899e+00, 3.8174334020695233e+00,
          -1.4695067238418314e+01, -1.2348042874691970e+01,
          -9.7433821134953700e+00, -7.3746040050255459e+00,
          -9.8006688758014313e+00, -1.2266408076507352e+01,
          6.3706057133351202e+00, 8.5272487557402812e+00,
          1.1066234853016159e+01, 1.3406364270564190e+01,
          1.1097168213187413e+01, 8.7187449132378596e+00,
          -8.9376301553241504e+00, -5.5354280310837032e+00,
          -2.3876047754943954e+00, 4.9233932966126792e-01,
          3.1982713671778353e+00, 6.1355910991244240e+00,
          9.2200130340643440e+00, 6.7457505964813276e+00,
          3.6099044850762869e+00, 4.5564336453071974e-01,
          -2.7853766354468670e+00, -6.0652612879871848e+00,
          -2.9261624992393491e+00, 5.1419470650548504e-01,
          3.7714341497073507e+00, 3.9437573317717156e+00,
          4.8331860077054734e-01, -3.0925496552636469e+00,
          -5.2425293516866605e+00, 1.7391820117061324e-01,
          5.6111779631453222e+00, 1.0687002973656284e+01,
          1.4839634843809678e+01, 1.7312571137210746e+01,
          1.8139713213436760e+01, 1.8284534630533845e+01,
          1.7870729625499468e+01, 1.7429109009423929e+01,
          1.6111990964012747e+01, 1.4029034011118370e+01,
          1.0628453769974954e+01, 6.2451655542532949e+00,
          1.4215291652381048e+00, -3.6238098590015300e+00,
          -8.6297729349636327e+00, -1.2451651174794211e+01,
          -1.5515498811690460e+01, -1.6639658420293486e+01,
          -1.6188943676991510e+01, -1.4774807166044551e+01,
          -1.5011078958074352e+01, -1.6754437344800245e+01,
          -1.7713403584031340e+01, -1.7485335849907091e+01,
          -1.5416986357247112e+01, -9.1772948605250448e+00,
          -5.9533786797435013e+00, -2.7569523088153352e+00,
          4.3975948727830305e-01, 6.5189253478046716e-01,
          1.0662217477958842e+00, 1.1536045540693600e+00,
          9.4447298978500227e-01, 4.0686934987903139e-01,
          -7.8923713898774164e+00, -9.0180870743576573e+00,
          -9.2682239180257380e+00, -8.2813073684512375e+00,
          -7.7780599268480417e+00, -7.6449237542984179e+00,
          -8.8990369671820595e+00, -1.0036641979918880e+01,
          -1.0177979419310413e+01, -9.2700468459958270e+00,
          -8.7404110578719862e+00, -8.6467365125257061e+00,
          6.8711005293723311e+00, 6.0599440718561564e+00,
          5.6351858803551949e+00, 5.8782818347154064e+00,
          5.4322976210771543e+00, 5.5928969935800490e+00,
          6.1997729310217640e+00, 7.9088122783448203e+00,
          8.6673424614868715e+00, 8.8037278376700279e+00,
          8.8552904226891265e+00, 8.3265452694275979e+00,
          6.9290549197986966e+00, 7.1039008159391024e+00,
          6.7286171712838252e+00, 6.7585942623788480e+00,
          6.7754615087386725e+00, 7.0153058184690202e+00,
          2.2418970460677244e+01, 2.1922439024453645e+01,
          2.1667008734373606e+01, 1.8740761901311572e+01,
          1.3351736487543489e+01, 7.7952623003253310e+00,
          3.4020078858605691e+00, -9.7726198211483717e-01,
          -4.9565202642104591e+00, -6.8259974501989928e-01,
          3.6377949408063328e+00, 8.0481761305105248e+00,
          1.3565478059554970e+01, 1.8644659026741628e+01,
          2.1530375095912099e+01, 2.1558764450916602e+01,
          2.1997184071098374e+01, 3.2833639800384207e-01,
          -1.3893433861420026e+00, -2.8392229556876107e+00,
          -4.1706615399019435e+00, -5.2744596511563691e+00,
          -5.5239849373936165e+00, -4.2639852211083316e+00,
          -2.8156138168728000e+00, -1.2097394732940066e+00,
          5.0171802724734915e-01, -5.0381103487850600e+00,
          -7.9446143568343617e+00, -1.1040312347436466e+01,
          -1.3936203605605792e+01, -6.2192603279064258e+00,
          -7.4243574408363040e+00, -8.5247141200357888e+00,
          -7.3007253426170333e+00, -5.9719328922488346e+00,
          -8.5347219780492845e-01, -1.0307962281653984e+00,
          -1.1581774549365358e+00, -9.2918267916106267e-01,
          -1.0882188680626539e+00, -1.1764281291944063e+00,
          -9.2134258978082340e-01, -1.0312383626459225e+00,
          -9.7034968790776455e-01, -8.8588332633119227e-01,
          -1.1843061496927152e+00, -1.0914876362870425e+00,
          -3.2919612918986791e+00, -5.0289382180798565e+00,
          -6.5595279293706907e+00, -8.2694359440774807e+00,
          -6.3990849683167728e+00, -4.8205962380011815e+00,
          -3.0915406408962980e+00, -4.0427673699073861e+00,
          -5.3884514833759134e+00, -6.8454194235470744e+00,
          -5.5746525679342094e+00, -4.2269215745560436e+00,
          -6.0811904189434811e+00, -7.9156139678610913e+00,
          -5.6515794510709094e+00, -4.5699173085197229e+00,
          -6.6011677591131352e+00, -4.9272828416489594e+00 ]
